"var1","var2","abs.spearman.r","spearman.r","spearman.p"
"r.seqent.bfSC","r.bfSC.seqent",1,1,0
"r.seqent.bfSC","r.bfAA.seqent",0.987143634155488,0.987143634155488,0
"r.seqent.bfSC","r.seqent.bfAA",0.987143634155488,0.987143634155488,0
"r.seqent.bfSC","r.bfCB.seqent",0.946202696695071,0.946202696695071,0
"r.seqent.bfSC","r.seqent.bfCB",0.946202696695071,0.946202696695071,0
"r.seqent.bfSC","r.bfCA.seqent",0.895054154941995,0.895054154941995,0
"r.seqent.bfSC","r.seqent.bfCA",0.895054154941995,0.895054154941995,0
"r.seqent.bfSC","r.bfN.seqent",0.867850020241356,0.867850020241356,0
"r.seqent.bfSC","r.seqent.bfN",0.867850020241356,0.867850020241356,0
"r.seqent.bfSC","r.bfO.seqent",0.849686196885066,0.849686196885066,0
"r.seqent.bfSC","r.seqent.bfO",0.849686196885066,0.849686196885066,0
"r.seqent.bfSC","r.bfC.seqent",0.840906663752574,0.840906663752574,0
"r.seqent.bfSC","r.seqent.bfC",0.840906663752574,0.840906663752574,0
"r.seqent.bfSC","r.asa.seqent",0.638413624047228,0.638413624047228,0
"r.seqent.bfSC","r.seqent.asa",0.638413624047228,0.638413624047228,0
"r.seqent.bfSC","r.rsa.seqent",0.629285144831252,0.629285144831252,0
"r.seqent.bfSC","r.seqent.rsa",0.629285144831252,0.629285144831252,0
"r.seqent.bfSC","r.seqent.wcnSC",0.611753398188461,-0.611753398188461,0
"r.seqent.bfSC","r.wcnSC.seqent",0.611753398188461,-0.611753398188461,0
"r.seqent.bfSC","r.seqent.wcnCB",0.609862135251999,-0.609862135251999,0
"r.seqent.bfSC","r.wcnCB.seqent",0.609862135251999,-0.609862135251999,0
"r.seqent.bfSC","r.seqent.wcnAA",0.602095911742719,-0.602095911742719,0
"r.seqent.bfSC","r.wcnAA.seqent",0.602095911742719,-0.602095911742719,0
"r.seqent.bfSC","r.seqent.wcnCA",0.60175193286327,-0.60175193286327,0
"r.seqent.bfSC","r.wcnCA.seqent",0.60175193286327,-0.60175193286327,0
"r.seqent.bfSC","r.seqent.wcnC",0.583897317958181,-0.583897317958181,0
"r.seqent.bfSC","r.wcnC.seqent",0.583897317958181,-0.583897317958181,0
"r.seqent.bfSC","r.seqent.wcnN",0.582922504166242,-0.582922504166242,0
"r.seqent.bfSC","r.wcnN.seqent",0.582922504166242,-0.582922504166242,0
"r.seqent.bfSC","r.ddgent.seqent",0.582615779317059,0.582615779317059,0
"r.seqent.bfSC","r.seqent.ddgent",0.582615779317059,0.582615779317059,0
"r.seqent.bfSC","r.seqent.wcnO",0.561553592406139,-0.561553592406139,0
"r.seqent.bfSC","r.wcnO.seqent",0.561553592406139,-0.561553592406139,0
"r.seqent.bfSC","r.bfAA.wcnSC",0.473971850854732,-0.473971850854732,0
"r.seqent.bfSC","r.wcnSC.bfAA",0.473971850854732,-0.473971850854732,0
"r.seqent.bfSC","r.bfAA.wcnCB",0.465143887482894,-0.465143887482894,1.73766769016558e-13
"r.seqent.bfSC","r.wcnCB.bfAA",0.465143887482894,-0.465143887482894,1.73766769016558e-13
"r.seqent.bfSC","r.bfSC.wcnSC",0.464176524497008,-0.464176524497008,2.8243819463022e-13
"r.seqent.bfSC","r.wcnSC.bfSC",0.464176524497008,-0.464176524497008,2.8243819463022e-13
"r.seqent.bfSC","r.bfAA.wcnAA",0.460115835198105,-0.460115835198105,9.71436930019289e-13
"r.seqent.bfSC","r.wcnAA.bfAA",0.460115835198105,-0.460115835198105,9.71436930019289e-13
"r.seqent.bfSC","r.bfSC.wcnCB",0.446398901254467,-0.446398901254467,9.94098504931621e-12
"r.seqent.bfSC","r.wcnCB.bfSC",0.446398901254467,-0.446398901254467,9.94098504931621e-12
"r.seqent.bfSC","r.bfSC.wcnAA",0.44493109246202,-0.44493109246202,1.21495493243493e-11
"r.seqent.bfSC","r.wcnAA.bfSC",0.44493109246202,-0.44493109246202,1.21495493243493e-11
"r.seqent.bfSC","r.asa.bfAA",0.441523590493765,0.441523590493765,1.90388010909999e-11
"r.seqent.bfSC","r.bfAA.asa",0.441523590493765,0.441523590493765,1.90388010909999e-11
"r.seqent.bfSC","r.bfAA.rsa",0.440922558805487,0.440922558805487,2.05659771892676e-11
"r.seqent.bfSC","r.rsa.bfAA",0.440922558805487,0.440922558805487,2.05659771892676e-11
"r.seqent.bfSC","r.asa.bfSC",0.433260646580949,0.433260646580949,5.27497056096277e-11
"r.seqent.bfSC","r.bfSC.asa",0.433260646580949,0.433260646580949,5.27497056096277e-11
"r.seqent.bfSC","r.bfAA.wcnCA",0.432878171870227,-0.432878171870227,5.51954113725815e-11
"r.seqent.bfSC","r.wcnCA.bfAA",0.432878171870227,-0.432878171870227,5.51954113725815e-11
"r.seqent.bfSC","r.bfSC.rsa",0.430193398089117,0.430193398089117,7.55874981959927e-11
"r.seqent.bfSC","r.rsa.bfSC",0.430193398089117,0.430193398089117,7.55874981959927e-11
"r.seqent.bfSC","r.bfAA.wcnC",0.400124428461086,-0.400124428461086,1.88686449731108e-09
"r.seqent.bfSC","r.wcnC.bfAA",0.400124428461086,-0.400124428461086,1.88686449731108e-09
"r.seqent.bfSC","r.bfSC.wcnCA",0.398880143850229,-0.398880143850229,2.13659496643657e-09
"r.seqent.bfSC","r.wcnCA.bfSC",0.398880143850229,-0.398880143850229,2.13659496643657e-09
"r.seqent.bfSC","r.bfAA.wcnO",0.394024701905668,-0.394024701905668,3.45168437718904e-09
"r.seqent.bfSC","r.wcnO.bfAA",0.394024701905668,-0.394024701905668,3.45168437718904e-09
"r.seqent.bfSC","r.bfSC.ddgent",0.363118758397679,0.363118758397679,6.09991787163588e-08
"r.seqent.bfSC","r.ddgent.bfSC",0.363118758397679,0.363118758397679,6.09991787163588e-08
"r.seqent.bfSC","r.bfO.wcnO",0.360204251429934,-0.360204251429934,7.87861139686485e-08
"r.seqent.bfSC","r.wcnO.bfO",0.360204251429934,-0.360204251429934,7.87861139686485e-08
"r.seqent.bfSC","r.bfSC.wcnC",0.357708231402167,-0.357708231402167,9.78977286280884e-08
"r.seqent.bfSC","r.wcnC.bfSC",0.357708231402167,-0.357708231402167,9.78977286280884e-08
"r.seqent.bfSC","r.bfAA.ddgent",0.35636832811363,0.35636832811363,1.09922533598441e-07
"r.seqent.bfSC","r.ddgent.bfAA",0.35636832811363,0.35636832811363,1.09922533598441e-07
"r.seqent.bfSC","r.bfO.wcnC",0.353432710528734,-0.353432710528734,1.41431009226453e-07
"r.seqent.bfSC","r.wcnC.bfO",0.353432710528734,-0.353432710528734,1.41431009226453e-07
"r.seqent.bfSC","r.bfSC.wcnO",0.348564850574085,-0.348564850574085,2.13657926488872e-07
"r.seqent.bfSC","r.wcnO.bfSC",0.348564850574085,-0.348564850574085,2.13657926488872e-07
"r.seqent.bfSC","r.bfO.wcnCA",0.346642542612402,-0.346642542612402,2.51004160377052e-07
"r.seqent.bfSC","r.wcnCA.bfO",0.346642542612402,-0.346642542612402,2.51004160377052e-07
"r.seqent.bfSC","r.bfCB.wcnCB",0.343130729359405,-0.343130729359405,3.36002033909354e-07
"r.seqent.bfSC","r.wcnCB.bfCB",0.343130729359405,-0.343130729359405,3.36002033909354e-07
"r.seqent.bfSC","r.bfCB.wcnCA",0.341229532014872,-0.341229532014872,3.92912395881203e-07
"r.seqent.bfSC","r.wcnCA.bfCB",0.341229532014872,-0.341229532014872,3.92912395881203e-07
"r.seqent.bfSC","r.bfAA.wcnN",0.335761882172953,-0.335761882172953,6.12813988350467e-07
"r.seqent.bfSC","r.wcnN.bfAA",0.335761882172953,-0.335761882172953,6.12813988350467e-07
"r.seqent.bfSC","r.bfCB.wcnSC",0.334996932751508,-0.334996932751508,6.5170807944903e-07
"r.seqent.bfSC","r.wcnSC.bfCB",0.334996932751508,-0.334996932751508,6.5170807944903e-07
"r.seqent.bfSC","mean.bfN",0.330697817658907,-0.330697817658907,9.18270882743801e-07
"r.seqent.bfSC","r.bfO.wcnCB",0.330397301814768,-0.330397301814768,9.40371902887486e-07
"r.seqent.bfSC","r.wcnCB.bfO",0.330397301814768,-0.330397301814768,9.40371902887486e-07
"r.seqent.bfSC","mean.bfCA",0.327713769834667,-0.327713769834667,1.16163009214875e-06
"r.seqent.bfSC","r.bfCB.wcnAA",0.326150342364538,-0.326150342364538,1.31264445127112e-06
"r.seqent.bfSC","r.wcnAA.bfCB",0.326150342364538,-0.326150342364538,1.31264445127112e-06
"r.seqent.bfSC","median.bfN",0.3260600957929,-0.3260600957929,1.148729996636e-06
"r.seqent.bfSC","r.bfO.wcnAA",0.325664798170082,-0.325664798170082,1.36324561303769e-06
"r.seqent.bfSC","r.wcnAA.bfO",0.325664798170082,-0.325664798170082,1.36324561303769e-06
"r.seqent.bfSC","r.bfCA.wcnCA",0.325322061091642,-0.325322061091642,1.40008130815197e-06
"r.seqent.bfSC","r.wcnCA.bfCA",0.325322061091642,-0.325322061091642,1.40008130815197e-06
"r.seqent.bfSC","mean.bfO",0.324963180600088,-0.324963180600088,1.4396710845358e-06
"r.seqent.bfSC","median.bfO",0.324692250283071,-0.324692250283071,1.28091343224392e-06
"r.seqent.bfSC","r.bfCB.wcnC",0.322544152234869,-0.322544152234869,1.73581733189618e-06
"r.seqent.bfSC","r.wcnC.bfCB",0.322544152234869,-0.322544152234869,1.73581733189618e-06
"r.seqent.bfSC","r.bfO.rsa",0.321361957674454,0.321361957674454,1.90091423324611e-06
"r.seqent.bfSC","r.rsa.bfO",0.321361957674454,0.321361957674454,1.90091423324611e-06
"r.seqent.bfSC","mean.bfC",0.320798180016441,-0.320798180016441,1.98483115709809e-06
"r.seqent.bfSC","r.bfCB.wcnO",0.3193874940704,-0.3193874940704,2.2105909105793e-06
"r.seqent.bfSC","r.wcnO.bfCB",0.3193874940704,-0.3193874940704,2.2105909105793e-06
"r.seqent.bfSC","r.bfO.wcnSC",0.318160594673667,-0.318160594673667,2.42668543535216e-06
"r.seqent.bfSC","r.wcnSC.bfO",0.318160594673667,-0.318160594673667,2.42668543535216e-06
"r.seqent.bfSC","median.bfCA",0.316699388164127,-0.316699388164127,2.39515320415613e-06
"r.seqent.bfSC","r.bfSC.wcnN",0.316284233349311,-0.316284233349311,2.79659131366323e-06
"r.seqent.bfSC","r.wcnN.bfSC",0.316284233349311,-0.316284233349311,2.79659131366323e-06
"r.seqent.bfSC","median.bfC",0.315394874584395,-0.315394874584395,2.64824234938491e-06
"r.seqent.bfSC","mean.bfCB",0.314421531836052,-0.314421531836052,3.21663081727691e-06
"r.seqent.bfSC","median.bfAA",0.312737649668067,-0.312737649668067,3.64755584263432e-06
"r.seqent.bfSC","r.bfCA.wcnCB",0.311663491795421,-0.311663491795421,3.95061933421696e-06
"r.seqent.bfSC","r.wcnCB.bfCA",0.311663491795421,-0.311663491795421,3.95061933421696e-06
"r.seqent.bfSC","r.bfN.wcnCA",0.310095097121257,-0.310095097121257,4.43654278037184e-06
"r.seqent.bfSC","r.wcnCA.bfN",0.310095097121257,-0.310095097121257,4.43654278037184e-06
"r.seqent.bfSC","median.bfSC",0.310019347259718,-0.310019347259718,4.4613973188703e-06
"r.seqent.bfSC","r.hpskd.seqent",0.307700904776215,-0.307700904776215,5.28955102767071e-06
"r.seqent.bfSC","r.seqent.hpskd",0.307700904776215,-0.307700904776215,5.28955102767071e-06
"r.seqent.bfSC","r.bfCA.wcnC",0.307664892546959,-0.307664892546959,5.30350157590526e-06
"r.seqent.bfSC","r.wcnC.bfCA",0.307664892546959,-0.307664892546959,5.30350157590526e-06
"r.seqent.bfSC","r.bfCA.wcnSC",0.306570865858171,-0.306570865858171,5.74439632565633e-06
"r.seqent.bfSC","r.wcnSC.bfCA",0.306570865858171,-0.306570865858171,5.74439632565633e-06
"r.seqent.bfSC","mean.bfAA",0.306547271639003,-0.306547271639003,5.75427861193573e-06
"r.seqent.bfSC","r.asa.bfO",0.303913411699256,0.303913411699256,6.96520069219344e-06
"r.seqent.bfSC","r.bfO.asa",0.303913411699256,0.303913411699256,6.96520069219344e-06
"r.seqent.bfSC","r.bfCB.rsa",0.303272642378695,0.303272642378695,7.29450196613023e-06
"r.seqent.bfSC","r.rsa.bfCB",0.303272642378695,0.303272642378695,7.29450196613023e-06
"r.seqent.bfSC","median.bfCB",0.302560939151089,-0.302560939151089,6.93858093022997e-06
"r.seqent.bfSC","r.bfN.wcnCB",0.300902044252821,-0.300902044252821,8.64614546667243e-06
"r.seqent.bfSC","r.wcnCB.bfN",0.300902044252821,-0.300902044252821,8.64614546667243e-06
"r.seqent.bfSC","r.bfC.wcnC",0.300385455033144,-0.300385455033144,8.97073911583396e-06
"r.seqent.bfSC","r.wcnC.bfC",0.300385455033144,-0.300385455033144,8.97073911583396e-06
"r.seqent.bfSC","r.bfCA.wcnAA",0.300130885826332,-0.300130885826332,9.134921757826e-06
"r.seqent.bfSC","r.wcnAA.bfCA",0.300130885826332,-0.300130885826332,9.134921757826e-06
"r.seqent.bfSC","r.bfCB.wcnN",0.298063287146615,-0.298063287146615,1.05782589990289e-05
"r.seqent.bfSC","r.wcnN.bfCB",0.298063287146615,-0.298063287146615,1.05782589990289e-05
"r.seqent.bfSC","r.bfC.wcnO",0.297197751843454,-0.297197751843454,1.12446196207929e-05
"r.seqent.bfSC","r.wcnO.bfC",0.297197751843454,-0.297197751843454,1.12446196207929e-05
"r.seqent.bfSC","r.bfC.wcnCA",0.294928981400304,-0.294928981400304,1.31855560452789e-05
"r.seqent.bfSC","r.wcnCA.bfC",0.294928981400304,-0.294928981400304,1.31855560452789e-05
"r.seqent.bfSC","r.bfCA.wcnO",0.294632190959192,-0.294632190959192,1.3461803219455e-05
"r.seqent.bfSC","r.wcnO.bfCA",0.294632190959192,-0.294632190959192,1.3461803219455e-05
"r.seqent.bfSC","r.bfN.wcnSC",0.294062204296135,-0.294062204296135,1.40078027801227e-05
"r.seqent.bfSC","r.wcnSC.bfN",0.294062204296135,-0.294062204296135,1.40078027801227e-05
"r.seqent.bfSC","r.bfN.wcnN",0.292028134243656,-0.292028134243656,1.61324537609534e-05
"r.seqent.bfSC","r.wcnN.bfN",0.292028134243656,-0.292028134243656,1.61324537609534e-05
"r.seqent.bfSC","r.bfN.wcnC",0.289609105878438,-0.289609105878438,1.90569462378214e-05
"r.seqent.bfSC","r.wcnC.bfN",0.289609105878438,-0.289609105878438,1.90569462378214e-05
"r.seqent.bfSC","sum.bfN",0.288960885751824,-0.288960885751824,1.99220446813408e-05
"r.seqent.bfSC","sum.bfCA",0.287479417148278,-0.287479417148278,2.20408471541042e-05
"r.seqent.bfSC","mean.bfSC",0.285893637259991,-0.285893637259991,2.45443370714705e-05
"r.seqent.bfSC","sum.bfO",0.284531381553294,-0.284531381553294,2.6907459747655e-05
"r.seqent.bfSC","r.bfO.wcnN",0.283817345973212,-0.283817345973212,2.82304810014813e-05
"r.seqent.bfSC","r.wcnN.bfO",0.283817345973212,-0.283817345973212,2.82304810014813e-05
"r.seqent.bfSC","r.bfCA.rsa",0.283499444914949,0.283499444914949,2.88390882589257e-05
"r.seqent.bfSC","r.rsa.bfCA",0.283499444914949,0.283499444914949,2.88390882589257e-05
"r.seqent.bfSC","sum.bfC",0.283494477710914,-0.283494477710914,2.88486954245158e-05
"r.seqent.bfSC","r.hpsww.seqent",0.282017976311404,-0.282017976311404,3.18425011692208e-05
"r.seqent.bfSC","r.seqent.hpsww",0.282017976311404,-0.282017976311404,3.18425011692208e-05
"r.seqent.bfSC","r.hpshh.seqent",0.281652886814805,0.281652886814805,3.26267867559221e-05
"r.seqent.bfSC","r.seqent.hpshh",0.281652886814805,0.281652886814805,3.26267867559221e-05
"r.seqent.bfSC","r.bfC.wcnCB",0.28150883789778,-0.28150883789778,3.29412242983432e-05
"r.seqent.bfSC","r.wcnCB.bfC",0.28150883789778,-0.28150883789778,3.29412242983432e-05
"r.seqent.bfSC","r.asa.bfCB",0.281115186977978,0.281115186977978,3.38151695689755e-05
"r.seqent.bfSC","r.bfCB.asa",0.281115186977978,0.281115186977978,3.38151695689755e-05
"r.seqent.bfSC","sum.bfCB",0.280366380969648,-0.280366380969648,3.55383763929242e-05
"r.seqent.bfSC","r.bfN.wcnAA",0.280154032997136,-0.280154032997136,3.6041936969309e-05
"r.seqent.bfSC","r.wcnAA.bfN",0.280154032997136,-0.280154032997136,3.6041936969309e-05
"r.seqent.bfSC","r.bfCA.wcnN",0.27926241987279,-0.27926241987279,3.8230756508079e-05
"r.seqent.bfSC","r.wcnN.bfCA",0.27926241987279,-0.27926241987279,3.8230756508079e-05
"r.seqent.bfSC","r.bfN.rsa",0.276821039089412,0.276821039089412,4.48839369905065e-05
"r.seqent.bfSC","r.rsa.bfN",0.276821039089412,0.276821039089412,4.48839369905065e-05
"r.seqent.bfSC","sum.bfAA",0.275928184164057,-0.275928184164057,4.75790477869014e-05
"r.seqent.bfSC","sd.seqent",0.273684249741084,0.273684249741084,5.50415603117408e-05
"r.seqent.bfSC","r.bfC.wcnSC",0.271791745003614,-0.271791745003614,6.21790179616239e-05
"r.seqent.bfSC","r.wcnSC.bfC",0.271791745003614,-0.271791745003614,6.21790179616239e-05
"r.seqent.bfSC","r.bfN.wcnO",0.268921942872186,-0.268921942872186,7.46836183743996e-05
"r.seqent.bfSC","r.wcnO.bfN",0.268921942872186,-0.268921942872186,7.46836183743996e-05
"r.seqent.bfSC","r.asa.bfCA",0.266432131849464,0.266432131849464,8.74122420018392e-05
"r.seqent.bfSC","r.bfCA.asa",0.266432131849464,0.266432131849464,8.74122420018392e-05
"r.seqent.bfSC","sum.bfSC",0.26609436197506,-0.26609436197506,8.92882918284916e-05
"r.seqent.bfSC","r.bfC.wcnAA",0.265782669921841,-0.265782669921841,9.10529941708371e-05
"r.seqent.bfSC","r.wcnAA.bfC",0.265782669921841,-0.265782669921841,9.10529941708371e-05
"r.seqent.bfSC","r.asa.bfN",0.263415797198994,0.263415797198994,0.000105562285841302
"r.seqent.bfSC","r.bfN.asa",0.263415797198994,0.263415797198994,0.000105562285841302
"r.seqent.bfSC","r.bfCB.ddgent",0.255013771573188,0.255013771573188,0.000176518818186169
"r.seqent.bfSC","r.ddgent.bfCB",0.255013771573188,0.255013771573188,0.000176518818186169
"r.seqent.bfSC","r.bfC.rsa",0.24799387047022,0.24799387047022,0.000267799067476882
"r.seqent.bfSC","r.rsa.bfC",0.24799387047022,0.24799387047022,0.000267799067476882
"r.seqent.bfSC","sd.bfN",0.241615980488823,-0.241615980488823,0.000387215975541679
"r.seqent.bfSC","r.bfC.wcnN",0.239354660851726,-0.239354660851726,0.000440305393327472
"r.seqent.bfSC","r.wcnN.bfC",0.239354660851726,-0.239354660851726,0.000440305393327472
"r.seqent.bfSC","r.hbe_mean.seqent",0.236399174450689,0.236399174450689,0.000519895197688469
"r.seqent.bfSC","r.seqent.hbe_mean",0.236399174450689,0.236399174450689,0.000519895197688469
"r.seqent.bfSC","r.asa.bfC",0.232774357305888,0.232774357305888,0.000635677569515536
"r.seqent.bfSC","r.bfC.asa",0.232774357305888,0.232774357305888,0.000635677569515536
"r.seqent.bfSC","sd.bfCA",0.232139796990371,-0.232139796990371,0.000658248269214147
"r.seqent.bfSC","r.bfO.ddgent",0.228673930374701,0.228673930374701,0.000795156221576982
"r.seqent.bfSC","r.ddgent.bfO",0.228673930374701,0.228673930374701,0.000795156221576982
"r.seqent.bfSC","r.bfN.ddgent",0.227778591847328,0.227778591847328,0.000834564700297029
"r.seqent.bfSC","r.ddgent.bfN",0.227778591847328,0.227778591847328,0.000834564700297029
"r.seqent.bfSC","sd.bfCB",0.226868351707849,-0.226868351707849,0.000876469305896988
"r.seqent.bfSC","r.bfCA.ddgent",0.221296390581188,0.221296390581188,0.00117819723893458
"r.seqent.bfSC","r.ddgent.bfCA",0.221296390581188,0.221296390581188,0.00117819723893458
"r.seqent.bfSC","sd.bfC",0.221035612369331,-0.221035612369331,0.00119442037207191
"r.seqent.bfSC","sd.bfO",0.205966357127069,-0.205966357127069,0.00256591352474737
"r.seqent.bfSC","sd.bfAA",0.194631197518385,-0.194631197518385,0.00441393390049728
"r.seqent.bfSC","mean.GSS",0.18356302185129,0.18356302185129,0.00722887537129374
"r.seqent.bfSC","r.bfC.ddgent",0.18289121078082,0.18289121078082,0.00751972424808001
"r.seqent.bfSC","r.ddgent.bfC",0.18289121078082,0.18289121078082,0.00751972424808001
"r.seqent.bfSC","sd.bfSC",0.150759609677107,-0.150759609677107,0.0278979252478458
"r.seqent.bfSC","mean.ddgent",0.147663799762071,-0.147663799762071,0.031304246444317
"r.seqent.bfSC","r.asa.wcnSC",0.146927411763829,-0.146927411763829,0.0321648437339342
"r.seqent.bfSC","r.wcnSC.asa",0.146927411763829,-0.146927411763829,0.0321648437339342
"r.seqent.bfSC","mean.TSS",0.145405324856399,0.145405324856399,0.0339286882078403
"r.seqent.bfSC","sum.rsa",0.141401397274495,-0.141401397274495,0.0392890899295892
"r.seqent.bfSC","sum.asa",0.138276447963716,-0.138276447963716,0.0438107141874447
"r.seqent.bfSC","r.asa.wcnCB",0.134002746863832,-0.134002746863832,0.0508751017873861
"r.seqent.bfSC","r.wcnCB.asa",0.134002746863832,-0.134002746863832,0.0508751017873861
"r.seqent.bfSC","r.rsa.wcnAA",0.133163289381856,-0.133163289381856,0.0523534039458357
"r.seqent.bfSC","r.wcnAA.rsa",0.133163289381856,-0.133163289381856,0.0523534039458357
"r.seqent.bfSC","sd.ddgent",0.133042834683999,0.133042834683999,0.0525684292532881
"r.seqent.bfSC","r.ddgent.sizeAA",0.131483132616897,0.131483132616897,0.0554195920404362
"r.seqent.bfSC","r.ddgent.sizeSC",0.131483132616897,0.131483132616897,0.0554195920404362
"r.seqent.bfSC","r.sizeAA.ddgent",0.131483132616897,0.131483132616897,0.0554195920404362
"r.seqent.bfSC","r.sizeSC.ddgent",0.131483132616897,0.131483132616897,0.0554195920404362
"r.seqent.bfSC","r.rsa.wcnSC",0.131423526168473,-0.131423526168473,0.0555310476745933
"r.seqent.bfSC","r.wcnSC.rsa",0.131423526168473,-0.131423526168473,0.0555310476745933
"r.seqent.bfSC","r.asa.wcnAA",0.131403657352331,-0.131403657352331,0.055568240806579
"r.seqent.bfSC","r.wcnAA.asa",0.131403657352331,-0.131403657352331,0.055568240806579
"r.seqent.bfSC","r.rsa.wcnCA",0.131304313271624,-0.131304313271624,0.055754516242148
"r.seqent.bfSC","r.wcnCA.rsa",0.131304313271624,-0.131304313271624,0.055754516242148
"r.seqent.bfSC","r.bfSC.sizeAA",0.128079356051669,0.128079356051669,0.0620882168567717
"r.seqent.bfSC","r.bfSC.sizeSC",0.128079356051669,0.128079356051669,0.0620882168567717
"r.seqent.bfSC","r.sizeAA.bfSC",0.128079356051669,0.128079356051669,0.0620882168567717
"r.seqent.bfSC","r.sizeSC.bfSC",0.128079356051669,0.128079356051669,0.0620882168567717
"r.seqent.bfSC","r.rsa.wcnCB",0.124478133126035,-0.124478133126035,0.0698486462840942
"r.seqent.bfSC","r.wcnCB.rsa",0.124478133126035,-0.124478133126035,0.0698486462840942
"r.seqent.bfSC","r.asa.wcnCA",0.123867167029686,-0.123867167029686,0.0712406765387558
"r.seqent.bfSC","r.wcnCA.asa",0.123867167029686,-0.123867167029686,0.0712406765387558
"r.seqent.bfSC","r.bfAA.sizeAA",0.123192869081887,0.123192869081887,0.072803170881028
"r.seqent.bfSC","r.bfAA.sizeSC",0.123192869081887,0.123192869081887,0.072803170881028
"r.seqent.bfSC","r.sizeAA.bfAA",0.123192869081887,0.123192869081887,0.072803170881028
"r.seqent.bfSC","r.sizeSC.bfAA",0.123192869081887,0.123192869081887,0.072803170881028
"r.seqent.bfSC","sd.hbe_mean",0.12055776734113,-0.12055776734113,0.0791787970202272
"r.seqent.bfSC","r.bfC.bfCA",0.117127328416426,-0.117127328416426,0.0881510865602211
"r.seqent.bfSC","r.bfCA.bfC",0.117127328416426,-0.117127328416426,0.0881510865602211
"r.seqent.bfSC","sum.LSS",0.114391082540956,-0.114391082540956,0.0958869898795597
"r.seqent.bfSC","sum.hpsww",0.113560910066874,0.113560910066874,0.0983378448275372
"r.seqent.bfSC","r.wcnC.wcnN",0.111978164171061,-0.111978164171061,0.103119040430544
"r.seqent.bfSC","r.wcnN.wcnC",0.111978164171061,-0.111978164171061,0.103119040430544
"r.seqent.bfSC","sum.ddgent",0.111700000745081,-0.111700000745081,0.103981835340648
"r.seqent.bfSC","sum.hpshh",0.109745405957168,-0.109745405957168,0.110206401261144
"r.seqent.bfSC","r.rsa.wcnO",0.109389009067631,-0.109389009067631,0.111372306893758
"r.seqent.bfSC","r.wcnO.rsa",0.109389009067631,-0.109389009067631,0.111372306893758
"r.seqent.bfSC","r.asa.wcnC",0.105339495977807,-0.105339495977807,0.12530963889281
"r.seqent.bfSC","r.wcnC.asa",0.105339495977807,-0.105339495977807,0.12530963889281
"r.seqent.bfSC","sum.sizeSC",0.104105533610813,-0.104105533610813,0.129886936584282
"r.seqent.bfSC","r.bfCA.bfN",0.102837266944996,-0.102837266944996,0.134574948219818
"r.seqent.bfSC","r.bfN.bfCA",0.102837266944996,-0.102837266944996,0.134574948219818
"r.seqent.bfSC","sum.hbe_mean",0.0999023322900321,0.0999023322900321,0.146200293427314
"r.seqent.bfSC","r.rsa.wcnN",0.0995117238433245,-0.0995117238433245,0.147693040538114
"r.seqent.bfSC","r.wcnN.rsa",0.0995117238433245,-0.0995117238433245,0.147693040538114
"r.seqent.bfSC","nres",0.0994843360546583,-0.0994843360546583,0.147904118082364
"r.seqent.bfSC","mean.nhbps",0.0987882183725563,0.0987882183725563,0.150774986467307
"r.seqent.bfSC","sum.sizeAA",0.098591641119217,-0.098591641119217,0.151593279828441
"r.seqent.bfSC","natoms",0.098591641119217,-0.098591641119217,0.151593279828441
"r.seqent.bfSC","r.bfAA.bfCA",0.0977943130480999,-0.0977943130480999,0.154837447750842
"r.seqent.bfSC","r.bfCA.bfAA",0.0977943130480999,-0.0977943130480999,0.154837447750842
"r.seqent.bfSC","r.asa.wcnO",0.0969647899741954,-0.0969647899741954,0.158380384151666
"r.seqent.bfSC","r.wcnO.asa",0.0969647899741954,-0.0969647899741954,0.158380384151666
"r.seqent.bfSC","r.rsa.wcnC",0.0964109467242531,-0.0964109467242531,0.160779643417471
"r.seqent.bfSC","r.wcnC.rsa",0.0964109467242531,-0.0964109467242531,0.160779643417471
"r.seqent.bfSC","sum.nhbon",0.0931400885990332,-0.0931400885990332,0.175646541477873
"r.seqent.bfSC","sum.hbdif",0.0929702752082015,-0.0929702752082015,0.176438745697489
"r.seqent.bfSC","sum.seqent",0.0928556704359467,-0.0928556704359467,0.176835401108856
"r.seqent.bfSC","contact_order",0.0915189000620013,0.0915189000620013,0.183317770065717
"r.seqent.bfSC","sum.wcnO",0.0914884475252148,-0.0914884475252148,0.183316333324699
"r.seqent.bfSC","contact_orderSC",0.0904360492461223,0.0904360492461223,0.188577196984774
"r.seqent.bfSC","sum.wcnC",0.089965999488378,-0.089965999488378,0.190737165316639
"r.seqent.bfSC","sum.wcnCA",0.0884733546757533,-0.0884733546757533,0.198223963610111
"r.seqent.bfSC","r.wcnCA.wcnCB",0.0879840850782707,-0.0879840850782707,0.200723956481808
"r.seqent.bfSC","r.wcnCB.wcnCA",0.0879840850782707,-0.0879840850782707,0.200723956481808
"r.seqent.bfSC","r.bfAA.bfC",0.0879455892469967,-0.0879455892469967,0.200921623200681
"r.seqent.bfSC","r.bfC.bfAA",0.0879455892469967,-0.0879455892469967,0.200921623200681
"r.seqent.bfSC","r.bfC.bfN",0.0875457293221505,-0.0875457293221505,0.202983165501333
"r.seqent.bfSC","r.bfN.bfC",0.0875457293221505,-0.0875457293221505,0.202983165501333
"r.seqent.bfSC","contact_orderAA",0.0871117469134292,0.0871117469134292,0.205412344709803
"r.seqent.bfSC","sum.wcnN",0.0868403863491299,-0.0868403863491299,0.206656948966498
"r.seqent.bfSC","r.bfAA.hpskd",0.0862828176961611,-0.0862828176961611,0.209594845063282
"r.seqent.bfSC","r.hpskd.bfAA",0.0862828176961611,-0.0862828176961611,0.209594845063282
"r.seqent.bfSC","median.ddgent",0.0861623629983037,-0.0861623629983037,0.210233467100001
"r.seqent.bfSC","sum.wcnAA",0.0860108632752253,-0.0860108632752253,0.211038669496249
"r.seqent.bfSC","r.hpsww.wcnN",0.0858146587158287,-0.0858146587158287,0.212084766072699
"r.seqent.bfSC","r.wcnN.hpsww",0.0858146587158287,-0.0858146587158287,0.212084766072699
"r.seqent.bfSC","sum.wcnCB",0.0849006931733231,-0.0849006931733231,0.21700683592465
"r.seqent.bfSC","r.asa.wcnN",0.0848472957299431,-0.0848472957299431,0.217296908797178
"r.seqent.bfSC","r.wcnN.asa",0.0848472957299431,-0.0848472957299431,0.217296908797178
"r.seqent.bfSC","r.wcnN.wcnO",0.0846883452008116,-0.0846883452008116,0.218162022948152
"r.seqent.bfSC","r.wcnO.wcnN",0.0846883452008116,-0.0846883452008116,0.218162022948152
"r.seqent.bfSC","r.bfAA.bfN",0.084685861598794,-0.084685861598794,0.218175559862867
"r.seqent.bfSC","r.bfN.bfAA",0.084685861598794,-0.084685861598794,0.218175559862867
"r.seqent.bfSC","sum.wcnSC",0.0830864218994092,-0.0830864218994092,0.227018410877407
"r.seqent.bfSC","r.wcnC.wcnCA",0.080022898810603,-0.080022898810603,0.244658971770542
"r.seqent.bfSC","r.wcnCA.wcnC",0.080022898810603,-0.080022898810603,0.244658971770542
"r.seqent.bfSC","r.seqent.sizeAA",0.0783526764537144,0.0783526764537144,0.254669710000962
"r.seqent.bfSC","r.seqent.sizeSC",0.0783526764537144,0.0783526764537144,0.254669710000962
"r.seqent.bfSC","r.sizeAA.seqent",0.0783526764537144,0.0783526764537144,0.254669710000962
"r.seqent.bfSC","r.sizeSC.seqent",0.0783526764537144,0.0783526764537144,0.254669710000962
"r.seqent.bfSC","r.bfCB.bfSC",0.0772698259740066,-0.0772698259740066,0.261309376293517
"r.seqent.bfSC","r.bfSC.bfCB",0.0772698259740066,-0.0772698259740066,0.261309376293517
"r.seqent.bfSC","r.bfSC.hpsww",0.0765905608221716,-0.0765905608221716,0.265534635726871
"r.seqent.bfSC","r.hpsww.bfSC",0.0765905608221716,-0.0765905608221716,0.265534635726871
"r.seqent.bfSC","r.bfCA.bfO",0.0748092204995369,-0.0748092204995369,0.27707935838797
"r.seqent.bfSC","r.bfO.bfCA",0.0748092204995369,-0.0748092204995369,0.27707935838797
"r.seqent.bfSC","r.wcnC.wcnCB",0.0739268976582117,-0.0739268976582117,0.282553610709281
"r.seqent.bfSC","r.wcnCB.wcnC",0.0739268976582117,-0.0739268976582117,0.282553610709281
"r.seqent.bfSC","sum.GSS",0.0735115846889646,0.0735115846889646,0.285521088680465
"r.seqent.bfSC","median.wcnO",0.0724541216617284,-0.0724541216617284,0.292272741417496
"r.seqent.bfSC","sum.SSS",0.0722562874373284,-0.0722562874373284,0.293850026881473
"r.seqent.bfSC","r.ddgent.hbe_mean",0.0711539560054739,-0.0711539560054739,0.30103630032416
"r.seqent.bfSC","r.hbe_mean.ddgent",0.0711539560054739,-0.0711539560054739,0.30103630032416
"r.seqent.bfSC","mean.LSS",0.0706500479962781,-0.0706500479962781,0.304741201922251
"r.seqent.bfSC","median.wcnC",0.0696811800089906,-0.0696811800089906,0.311171510426027
"r.seqent.bfSC","r.hpskd.sizeAA",0.0690503450965004,-0.0690503450965004,0.31558042727373
"r.seqent.bfSC","r.hpskd.sizeSC",0.0690503450965004,-0.0690503450965004,0.31558042727373
"r.seqent.bfSC","r.sizeAA.hpskd",0.0690503450965004,-0.0690503450965004,0.31558042727373
"r.seqent.bfSC","r.sizeSC.hpskd",0.0690503450965004,-0.0690503450965004,0.31558042727373
"r.seqent.bfSC","r.bfN.bfO",0.0689733534339523,-0.0689733534339523,0.316121303967754
"r.seqent.bfSC","r.bfO.bfN",0.0689733534339523,-0.0689733534339523,0.316121303967754
"r.seqent.bfSC","r.hpsww.wcnSC",0.0681438303600478,-0.0681438303600478,0.32198717978324
"r.seqent.bfSC","r.wcnSC.hpsww",0.0681438303600478,-0.0681438303600478,0.32198717978324
"r.seqent.bfSC","r.bfAA.hpsww",0.0675527330798404,-0.0675527330798404,0.326209891237753
"r.seqent.bfSC","r.hpsww.bfAA",0.0675527330798404,-0.0675527330798404,0.326209891237753
"r.seqent.bfSC","mean.seqent",0.0670274512531014,-0.0670274512531014,0.329992330559646
"r.seqent.bfSC","median.wcnN",0.0668175868826076,-0.0668175868826076,0.331511382695876
"r.seqent.bfSC","r.ddgent.hpskd",0.0663208664790719,-0.0663208664790719,0.335124657012889
"r.seqent.bfSC","r.hpskd.ddgent",0.0663208664790719,-0.0663208664790719,0.335124657012889
"r.seqent.bfSC","r.wcnCA.wcnN",0.0650815490722505,-0.0650815490722505,0.344249323303853
"r.seqent.bfSC","r.wcnN.wcnCA",0.0650815490722505,-0.0650815490722505,0.344249323303853
"r.seqent.bfSC","r.bfAA.hpshh",0.0646891399534573,0.0646891399534573,0.347171063903353
"r.seqent.bfSC","r.hpshh.bfAA",0.0646891399534573,0.0646891399534573,0.347171063903353
"r.seqent.bfSC","r.bfAA.bfO",0.0642905218296199,-0.0642905218296199,0.350155053386041
"r.seqent.bfSC","r.bfO.bfAA",0.0642905218296199,-0.0642905218296199,0.350155053386041
"r.seqent.bfSC","sum.nhbas",0.0642497068845156,-0.0642497068845156,0.350747519905997
"r.seqent.bfSC","r.bfSC.hpskd",0.0633678636800525,-0.0633678636800525,0.357123778049323
"r.seqent.bfSC","r.hpskd.bfSC",0.0633678636800525,-0.0633678636800525,0.357123778049323
"r.seqent.bfSC","mean.wcnO",0.0632213311610094,-0.0632213311610094,0.358238461056726
"r.seqent.bfSC","sum.ISS",0.0631607270195972,-0.0631607270195972,0.358989426068593
"r.seqent.bfSC","r.bfC.bfO",0.062163956900802,-0.062163956900802,0.366638480251817
"r.seqent.bfSC","r.bfO.bfC",0.062163956900802,-0.062163956900802,0.366638480251817
"r.seqent.bfSC","r.bfCA.bfCB",0.0619546941319935,-0.0619546941319935,0.367964394730921
"r.seqent.bfSC","r.bfCB.bfCA",0.0619546941319935,-0.0619546941319935,0.367964394730921
"r.seqent.bfSC","r.wcnCB.wcnN",0.0618280304290919,-0.0618280304290919,0.368945901320774
"r.seqent.bfSC","r.wcnN.wcnCB",0.0618280304290919,-0.0618280304290919,0.368945901320774
"r.seqent.bfSC","r.wcnCA.wcnO",0.061449281121396,-0.061449281121396,0.371890448602753
"r.seqent.bfSC","r.wcnO.wcnCA",0.061449281121396,-0.061449281121396,0.371890448602753
"r.seqent.bfSC","r.bfAA.bfCB",0.0613784984638922,-0.0613784984638922,0.37244234408074
"r.seqent.bfSC","r.bfCB.bfAA",0.0613784984638922,-0.0613784984638922,0.37244234408074
"r.seqent.bfSC","median.wcnCA",0.0612294823428315,-0.0612294823428315,0.373605878282591
"r.seqent.bfSC","r.hpsww.wcnCA",0.0611524906802834,-0.0611524906802834,0.374207913358565
"r.seqent.bfSC","r.wcnCA.hpsww",0.0611524906802834,-0.0611524906802834,0.374207913358565
"r.seqent.bfSC","mean.ISS",0.0607410967557289,-0.0607410967557289,0.377730610921017
"r.seqent.bfSC","r.ddgent.rsa",0.0603751232487501,-0.0603751232487501,0.380319910113249
"r.seqent.bfSC","r.rsa.ddgent",0.0603751232487501,-0.0603751232487501,0.380319910113249
"r.seqent.bfSC","median.wcnAA",0.0603440782235291,-0.0603440782235291,0.380565259586964
"r.seqent.bfSC","r.hpskd.wcnO",0.0603117913972993,0.0603117913972993,0.380820525598166
"r.seqent.bfSC","r.wcnO.hpskd",0.0603117913972993,0.0603117913972993,0.380820525598166
"r.seqent.bfSC","r.wcnCA.wcnSC",0.0599019970643824,-0.0599019970643824,0.384069520996113
"r.seqent.bfSC","r.wcnSC.wcnCA",0.0599019970643824,-0.0599019970643824,0.384069520996113
"r.seqent.bfSC","r.wcnC.wcnSC",0.058538499556677,-0.058538499556677,0.395000699808823
"r.seqent.bfSC","r.wcnSC.wcnC",0.058538499556677,-0.058538499556677,0.395000699808823
"r.seqent.bfSC","mean.wcnC",0.0583261515841655,-0.0583261515841655,0.396719776904716
"r.seqent.bfSC","r.bfCA.bfSC",0.058175893662096,-0.058175893662096,0.397938908359616
"r.seqent.bfSC","r.bfSC.bfCA",0.058175893662096,-0.058175893662096,0.397938908359616
"r.seqent.bfSC","r.wcnCB.wcnO",0.0564609664688892,-0.0564609664688892,0.412011565482801
"r.seqent.bfSC","r.wcnO.wcnCB",0.0564609664688892,-0.0564609664688892,0.412011565482801
"r.seqent.bfSC","r.bfC.bfSC",0.0561989464560241,-0.0561989464560241,0.414187254355298
"r.seqent.bfSC","r.bfSC.bfC",0.0561989464560241,-0.0561989464560241,0.414187254355298
"r.seqent.bfSC","median.seqent",0.0561393400075998,-0.0561393400075998,0.414683139984202
"r.seqent.bfSC","r.hpsww.sizeAA",0.0556488286091084,-0.0556488286091084,0.418777105209843
"r.seqent.bfSC","r.hpsww.sizeSC",0.0556488286091084,-0.0556488286091084,0.418777105209843
"r.seqent.bfSC","r.sizeAA.hpsww",0.0556488286091084,-0.0556488286091084,0.418777105209843
"r.seqent.bfSC","r.sizeSC.hpsww",0.0556488286091084,-0.0556488286091084,0.418777105209843
"r.seqent.bfSC","r.bfC.bfCB",0.0556326851959935,-0.0556326851959935,0.418912244146918
"r.seqent.bfSC","r.bfCB.bfC",0.0556326851959935,-0.0556326851959935,0.418912244146918
"r.seqent.bfSC","median.wcnCB",0.0553284439488279,-0.0553284439488279,0.421463862162616
"r.seqent.bfSC","r.bfCB.hpsww",0.0550378625127595,-0.0550378625127595,0.423909362801154
"r.seqent.bfSC","r.hpsww.bfCB",0.0550378625127595,-0.0550378625127595,0.423909362801154
"r.seqent.bfSC","sd.wcnO",0.0546827074242315,-0.0546827074242315,0.426909489824466
"r.seqent.bfSC","median.wcnSC",0.0540704995268738,-0.0540704995268738,0.432109830282301
"r.seqent.bfSC","r.bfN.bfSC",0.0537252788464165,-0.0537252788464165,0.435058293730225
"r.seqent.bfSC","r.bfSC.bfN",0.0537252788464165,-0.0537252788464165,0.435058293730225
"r.seqent.bfSC","r.hpskd.wcnC",0.0536569797909304,0.0536569797909304,0.435642988338609
"r.seqent.bfSC","r.wcnC.hpskd",0.0536569797909304,0.0536569797909304,0.435642988338609
"r.seqent.bfSC","mean.wcnCA",0.053567570118294,-0.053567570118294,0.436409087639236
"r.seqent.bfSC","sum.nhbps",0.0531512019275573,0.0531512019275573,0.440293750321113
"r.seqent.bfSC","mean.wcnAA",0.0530745751177848,-0.0530745751177848,0.440647116240948
"r.seqent.bfSC","r.hpsww.wcnAA",0.0530162104703694,-0.0530162104703694,0.441150396455934
"r.seqent.bfSC","r.wcnAA.hpsww",0.0530162104703694,-0.0530162104703694,0.441150396455934
"r.seqent.bfSC","mean.wcnN",0.0526846496010093,-0.0526846496010093,0.44401566484429
"r.seqent.bfSC","sum.betas",0.0522856175239709,-0.0522856175239709,0.447785225877456
"r.seqent.bfSC","r.wcnN.wcnSC",0.0521879291974737,-0.0521879291974737,0.448327912667069
"r.seqent.bfSC","r.wcnSC.wcnN",0.0521879291974737,-0.0521879291974737,0.448327912667069
"r.seqent.bfSC","r.ddgent.wcnAA",0.0510988697127218,-0.0510988697127218,0.457864820896651
"r.seqent.bfSC","r.wcnAA.ddgent",0.0510988697127218,-0.0510988697127218,0.457864820896651
"r.seqent.bfSC","r.hpsww.wcnCB",0.0509486117906522,-0.0509486117906522,0.459189462385846
"r.seqent.bfSC","r.wcnCB.hpsww",0.0509486117906522,-0.0509486117906522,0.459189462385846
"r.seqent.bfSC","r.bfO.hpskd",0.0507536490322645,-0.0507536490322645,0.460911390424321
"r.seqent.bfSC","r.hpskd.bfO",0.0507536490322645,-0.0507536490322645,0.460911390424321
"r.seqent.bfSC","mean.wcnCB",0.0507250876090612,-0.0507250876090612,0.46116394853696
"r.seqent.bfSC","r.wcnO.wcnSC",0.0491455167258178,-0.0491455167258178,0.475250659161515
"r.seqent.bfSC","r.wcnSC.wcnO",0.0491455167258178,-0.0491455167258178,0.475250659161515
"r.seqent.bfSC","sum.HSS",0.0490282825784497,-0.0490282825784497,0.47661227225477
"r.seqent.bfSC","median.hpskd",0.0484659489938536,0.0484659489938536,0.481689038750081
"r.seqent.bfSC","r.asa.hpsww",0.0484054033245497,0.0484054033245497,0.481930955945245
"r.seqent.bfSC","r.hpsww.asa",0.0484054033245497,0.0484054033245497,0.481930955945245
"r.seqent.bfSC","r.rsa.sizeAA",0.0483433132741077,0.0483433132741077,0.482493683644034
"r.seqent.bfSC","r.rsa.sizeSC",0.0483433132741077,0.0483433132741077,0.482493683644034
"r.seqent.bfSC","r.sizeAA.rsa",0.0483433132741077,0.0483433132741077,0.482493683644034
"r.seqent.bfSC","r.sizeSC.rsa",0.0483433132741077,0.0483433132741077,0.482493683644034
"r.seqent.bfSC","r.bfSC.hbe_mean",0.0478292076564483,-0.0478292076564483,0.487166685176386
"r.seqent.bfSC","r.hbe_mean.bfSC",0.0478292076564483,-0.0478292076564483,0.487166685176386
"r.seqent.bfSC","sd.wcnCA",0.0478217568503953,-0.0478217568503953,0.487234588085941
"r.seqent.bfSC","mean.hpsww",0.0475274500113004,0.0475274500113004,0.489920814595829
"r.seqent.bfSC","r.wcnAA.wcnN",0.0474554255527877,-0.0474554255527877,0.490579408378973
"r.seqent.bfSC","r.wcnN.wcnAA",0.0474554255527877,-0.0474554255527877,0.490579408378973
"r.seqent.bfSC","r.hpsww.rsa",0.0471772621268078,0.0471772621268078,0.49312738112047
"r.seqent.bfSC","r.rsa.hpsww",0.0471772621268078,0.0471772621268078,0.49312738112047
"r.seqent.bfSC","sum.ESS",0.0466091777916755,-0.0466091777916755,0.49865751955092
"r.seqent.bfSC","r.bfO.hbe_mean",0.0464992387759816,0.0464992387759816,0.499367488258783
"r.seqent.bfSC","r.hbe_mean.bfO",0.0464992387759816,0.0464992387759816,0.499367488258783
"r.seqent.bfSC","mean.wcnSC",0.0463055178186027,-0.0463055178186027,0.501158006425529
"r.seqent.bfSC","r.sizeAA.wcnSC",0.0462781981964082,-0.0462781981964082,0.501410787290043
"r.seqent.bfSC","r.sizeSC.wcnSC",0.0462781981964082,-0.0462781981964082,0.501410787290043
"r.seqent.bfSC","r.wcnSC.sizeAA",0.0462781981964082,-0.0462781981964082,0.501410787290043
"r.seqent.bfSC","r.wcnSC.sizeSC",0.0462781981964082,-0.0462781981964082,0.501410787290043
"r.seqent.bfSC","mean.rsa",0.0462086573399132,-0.0462086573399132,0.502054532415568
"r.seqent.bfSC","sum.nhbpa.dif",0.0459170432366931,0.0459170432366931,0.505062508402562
"r.seqent.bfSC","r.ddgent.wcnSC",0.0450823438248961,-0.0450823438248961,0.512541178883124
"r.seqent.bfSC","r.wcnSC.ddgent",0.0450823438248961,-0.0450823438248961,0.512541178883124
"r.seqent.bfSC","r.wcnAA.wcnCA",0.0448401926281725,-0.0448401926281725,0.514810491218935
"r.seqent.bfSC","r.wcnCA.wcnAA",0.0448401926281725,-0.0448401926281725,0.514810491218935
"r.seqent.bfSC","sd.wcnC",0.0448252910160664,-0.0448252910160664,0.514950310613862
"r.seqent.bfSC","r.bfCB.bfN",0.0444378491013086,-0.0444378491013086,0.518592489732807
"r.seqent.bfSC","r.bfN.bfCB",0.0444378491013086,-0.0444378491013086,0.518592489732807
"r.seqent.bfSC","r.wcnAA.wcnSC",0.0441075300329574,-0.0441075300329574,0.521708103558966
"r.seqent.bfSC","r.wcnSC.wcnAA",0.0441075300329574,-0.0441075300329574,0.521708103558966
"r.seqent.bfSC","sd.wcnAA",0.0437958379797388,-0.0437958379797388,0.52465678165888
"r.seqent.bfSC","sum.BSS",0.0437449842964373,-0.0437449842964373,0.525438695248058
"r.seqent.bfSC","mean.hpskd",0.0426906350818719,-0.0426906350818719,0.535180234619938
"r.seqent.bfSC","r.bfO.bfSC",0.0420064027260016,-0.0420064027260016,0.541747943995741
"r.seqent.bfSC","r.bfSC.bfO",0.0420064027260016,-0.0420064027260016,0.541747943995741
"r.seqent.bfSC","r.asa.sizeAA",0.041856144803932,0.041856144803932,0.543195556611512
"r.seqent.bfSC","r.asa.sizeSC",0.041856144803932,0.041856144803932,0.543195556611512
"r.seqent.bfSC","r.sizeAA.asa",0.041856144803932,0.041856144803932,0.543195556611512
"r.seqent.bfSC","r.sizeSC.asa",0.041856144803932,0.041856144803932,0.543195556611512
"r.seqent.bfSC","r.bfC.hpsww",0.0416574566425178,0.0416574566425178,0.545112691910299
"r.seqent.bfSC","r.hpsww.bfC",0.0416574566425178,0.0416574566425178,0.545112691910299
"r.seqent.bfSC","r.ddgent.wcnN",0.0409595644755502,0.0409595644755502,0.551872992763059
"r.seqent.bfSC","r.wcnN.ddgent",0.0409595644755502,0.0409595644755502,0.551872992763059
"r.seqent.bfSC","sd.wcnN",0.0409061670321701,-0.0409061670321701,0.552391921902878
"r.seqent.bfSC","sum.hpskd",0.040732986373732,0.040732986373732,0.554369251437157
"r.seqent.bfSC","mean.nhbas",0.0405476182724287,-0.0405476182724287,0.556174688193064
"r.seqent.bfSC","r.wcnAA.wcnC",0.0405063071073239,-0.0405063071073239,0.55628540888574
"r.seqent.bfSC","r.wcnC.wcnAA",0.0405063071073239,-0.0405063071073239,0.55628540888574
"r.seqent.bfSC","r.bfO.sizeAA",0.039463194259899,0.039463194259899,0.56650454780918
"r.seqent.bfSC","r.bfO.sizeSC",0.039463194259899,0.039463194259899,0.56650454780918
"r.seqent.bfSC","r.sizeAA.bfO",0.039463194259899,0.039463194259899,0.56650454780918
"r.seqent.bfSC","r.sizeSC.bfO",0.039463194259899,0.039463194259899,0.56650454780918
"r.seqent.bfSC","r.wcnAA.wcnO",0.0386187695738884,-0.0386187695738884,0.574842230370934
"r.seqent.bfSC","r.wcnO.wcnAA",0.0386187695738884,-0.0386187695738884,0.574842230370934
"r.seqent.bfSC","r.hpshh.wcnO",0.0379866928603893,-0.0379866928603893,0.581120764862743
"r.seqent.bfSC","r.wcnO.hpshh",0.0379866928603893,-0.0379866928603893,0.581120764862743
"r.seqent.bfSC","r.sizeAA.wcnCB",0.0379705494472744,-0.0379705494472744,0.58128153747575
"r.seqent.bfSC","r.sizeSC.wcnCB",0.0379705494472744,-0.0379705494472744,0.58128153747575
"r.seqent.bfSC","r.wcnCB.sizeAA",0.0379705494472744,-0.0379705494472744,0.58128153747575
"r.seqent.bfSC","r.wcnCB.sizeSC",0.0379705494472744,-0.0379705494472744,0.58128153747575
"r.seqent.bfSC","mean.HSS",0.0368927921589601,-0.0368927921589601,0.5923411231392
"r.seqent.bfSC","sd.wcnCB",0.0362481714480145,-0.0362481714480145,0.598552350854837
"r.seqent.bfSC","r.hpsww.wcnC",0.0361587617753781,-0.0361587617753781,0.599455177620117
"r.seqent.bfSC","r.wcnC.hpsww",0.0361587617753781,-0.0361587617753781,0.599455177620117
"r.seqent.bfSC","r.bfCB.bfO",0.0359625572159815,-0.0359625572159815,0.601438527645793
"r.seqent.bfSC","r.bfO.bfCB",0.0359625572159815,-0.0359625572159815,0.601438527645793
"r.seqent.bfSC","r.sizeAA.wcnAA",0.0359054343695749,-0.0359054343695749,0.602016511762966
"r.seqent.bfSC","r.sizeSC.wcnAA",0.0359054343695749,-0.0359054343695749,0.602016511762966
"r.seqent.bfSC","r.wcnAA.sizeAA",0.0359054343695749,-0.0359054343695749,0.602016511762966
"r.seqent.bfSC","r.wcnAA.sizeSC",0.0359054343695749,-0.0359054343695749,0.602016511762966
"r.seqent.bfSC","r.ddgent.wcnO",0.0357824960696998,0.0357824960696998,0.603261278037985
"r.seqent.bfSC","r.wcnO.ddgent",0.0357824960696998,0.0357824960696998,0.603261278037985
"r.seqent.bfSC","r.hpskd.wcnCB",0.0356446561577187,0.0356446561577187,0.604658292511453
"r.seqent.bfSC","r.wcnCB.hpskd",0.0356446561577187,0.0356446561577187,0.604658292511453
"r.seqent.bfSC","sum.helix",0.0350986888830077,-0.0350986888830077,0.61047804852722
"r.seqent.bfSC","r.hpskd.hpsww",0.0343345560933934,0.0343345560933934,0.618007604009276
"r.seqent.bfSC","r.hpsww.hpskd",0.0343345560933934,0.0343345560933934,0.618007604009276
"r.seqent.bfSC","mean.asa",0.0340650852744753,-0.0340650852744753,0.620769209213759
"r.seqent.bfSC","mean.nhbpa.dif",0.0336568984522955,0.0336568984522955,0.625228155601297
"r.seqent.bfSC","median.hpshh",0.0332621938811221,0.0332621938811221,0.629292597869444
"r.seqent.bfSC","sum.TSS",0.0324195796280001,-0.0324195796280001,0.638006637721432
"r.seqent.bfSC","r.bfAA.hbe_mean",0.0320893798694122,-0.0320893798694122,0.641177336880323
"r.seqent.bfSC","r.hbe_mean.bfAA",0.0320893798694122,-0.0320893798694122,0.641177336880323
"r.seqent.bfSC","r.bfSC.hpshh",0.0315976266699119,0.0315976266699119,0.646299923863937
"r.seqent.bfSC","r.hpshh.bfSC",0.0315976266699119,0.0315976266699119,0.646299923863937
"r.seqent.bfSC","r.hpskd.wcnCA",0.0315231186093816,0.0315231186093816,0.647077538198236
"r.seqent.bfSC","r.wcnCA.hpskd",0.0315231186093816,0.0315231186093816,0.647077538198236
"r.seqent.bfSC","r.bfC.hpshh",0.0307656199939897,-0.0307656199939897,0.655004923048792
"r.seqent.bfSC","r.hpshh.bfC",0.0307656199939897,-0.0307656199939897,0.655004923048792
"r.seqent.bfSC","r.sizeAA.wcnC",0.0304092231044529,-0.0304092231044529,0.658748185042007
"r.seqent.bfSC","r.sizeSC.wcnC",0.0304092231044529,-0.0304092231044529,0.658748185042007
"r.seqent.bfSC","r.wcnC.sizeAA",0.0304092231044529,-0.0304092231044529,0.658748185042007
"r.seqent.bfSC","r.wcnC.sizeSC",0.0304092231044529,-0.0304092231044529,0.658748185042007
"r.seqent.bfSC","r.hpskd.wcnSC",0.0299125027009172,0.0299125027009172,0.663979475647519
"r.seqent.bfSC","r.wcnSC.hpskd",0.0299125027009172,0.0299125027009172,0.663979475647519
"r.seqent.bfSC","mean.nhbon",0.0298579283424085,0.0298579283424085,0.664800815222427
"r.seqent.bfSC","r.ddgent.wcnC",0.0297349251566532,0.0297349251566532,0.665853637861751
"r.seqent.bfSC","r.wcnC.ddgent",0.0297349251566532,0.0297349251566532,0.665853637861751
"r.seqent.bfSC","r.hpskd.rsa",0.0296008106476986,-0.0296008106476986,0.66727046689841
"r.seqent.bfSC","r.rsa.hpskd",0.0296008106476986,-0.0296008106476986,0.66727046689841
"r.seqent.bfSC","r.bfO.hpshh",0.0286433820698836,0.0286433820698836,0.677419096894695
"r.seqent.bfSC","r.hpshh.bfO",0.0286433820698836,0.0286433820698836,0.677419096894695
"r.seqent.bfSC","r.hpskd.wcnAA",0.0285564559992649,0.0285564559992649,0.678343427696433
"r.seqent.bfSC","r.wcnAA.hpskd",0.0285564559992649,0.0285564559992649,0.678343427696433
"r.seqent.bfSC","r.hbe_mean.wcnSC",0.0280957478249855,0.0280957478249855,0.683250392401656
"r.seqent.bfSC","r.wcnSC.hbe_mean",0.0280957478249855,0.0280957478249855,0.683250392401656
"r.seqent.bfSC","sd.wcnSC",0.0279194120817304,-0.0279194120817304,0.685132071606111
"r.seqent.bfSC","median.sizeAA",0.0278593820916668,-0.0278593820916668,0.686006683811846
"r.seqent.bfSC","median.sizeSC",0.0278593820916668,-0.0278593820916668,0.686006683811846
"r.seqent.bfSC","r.hbe_mean.wcnN",0.0271631552673473,0.0271631552673473,0.693224019686727
"r.seqent.bfSC","r.wcnN.hbe_mean",0.0271631552673473,0.0271631552673473,0.693224019686727
"r.seqent.bfSC","r.bfC.sizeAA",0.0269830941210657,0.0269830941210657,0.69515585705614
"r.seqent.bfSC","r.bfC.sizeSC",0.0269830941210657,0.0269830941210657,0.69515585705614
"r.seqent.bfSC","r.sizeAA.bfC",0.0269830941210657,0.0269830941210657,0.69515585705614
"r.seqent.bfSC","r.sizeSC.bfC",0.0269830941210657,0.0269830941210657,0.69515585705614
"r.seqent.bfSC","r.ddgent.hpshh",0.0263497756065577,0.0263497756065577,0.701966174959544
"r.seqent.bfSC","r.hpshh.ddgent",0.0263497756065577,0.0263497756065577,0.701966174959544
"r.seqent.bfSC","r.hbe_mean.wcnCB",0.0258518134020132,0.0258518134020132,0.707337754853932
"r.seqent.bfSC","r.wcnCB.hbe_mean",0.0258518134020132,0.0258518134020132,0.707337754853932
"r.seqent.bfSC","r.hpshh.hpsww",0.0257077644849879,-0.0257077644849879,0.708894348335899
"r.seqent.bfSC","r.hpsww.hpshh",0.0257077644849879,-0.0257077644849879,0.708894348335899
"r.seqent.bfSC","r.bfCA.hpshh",0.025120392607807,-0.025120392607807,0.715253956028192
"r.seqent.bfSC","r.hpshh.bfCA",0.025120392607807,-0.025120392607807,0.715253956028192
"r.seqent.bfSC","r.hpshh.wcnN",0.0250831385775418,0.0250831385775418,0.715657983031778
"r.seqent.bfSC","r.wcnN.hpshh",0.0250831385775418,0.0250831385775418,0.715657983031778
"r.seqent.bfSC","sd.sizeAA",0.0249651674817021,0.0249651674817021,0.716937924045841
"r.seqent.bfSC","sd.sizeSC",0.0249651674817021,0.0249651674817021,0.716937924045841
"r.seqent.bfSC","mean.SSS",0.0244244692987405,-0.0244244692987405,0.72302513318774
"r.seqent.bfSC","mean.BSS",0.0243805195748773,0.0243805195748773,0.723503201117267
"r.seqent.bfSC","r.asa.hbe_mean",0.0241642058310008,-0.0241642058310008,0.725648804833735
"r.seqent.bfSC","r.hbe_mean.asa",0.0241642058310008,-0.0241642058310008,0.725648804833735
"r.seqent.bfSC","r.wcnC.wcnO",0.0227783559051363,-0.0227783559051363,0.740803777817588
"r.seqent.bfSC","r.wcnO.wcnC",0.0227783559051363,-0.0227783559051363,0.740803777817588
"r.seqent.bfSC","r.bfCA.hpskd",0.0221040579573367,0.0221040579573367,0.748214325585162
"r.seqent.bfSC","r.hpskd.bfCA",0.0221040579573367,0.0221040579573367,0.748214325585162
"r.seqent.bfSC","r.hbe_mean.sizeAA",0.021237280853167,0.021237280853167,0.757774225515617
"r.seqent.bfSC","r.hbe_mean.sizeSC",0.021237280853167,0.021237280853167,0.757774225515617
"r.seqent.bfSC","r.sizeAA.hbe_mean",0.021237280853167,0.021237280853167,0.757774225515617
"r.seqent.bfSC","r.sizeSC.hbe_mean",0.021237280853167,0.021237280853167,0.757774225515617
"r.seqent.bfSC","r.wcnAA.wcnCB",0.0209566338251693,-0.0209566338251693,0.760877544623923
"r.seqent.bfSC","r.wcnCB.wcnAA",0.0209566338251693,-0.0209566338251693,0.760877544623923
"r.seqent.bfSC","r.bfN.hpskd",0.0201668483835476,-0.0201668483835476,0.769631189741501
"r.seqent.bfSC","r.hpskd.bfN",0.0201668483835476,-0.0201668483835476,0.769631189741501
"r.seqent.bfSC","r.hbe_mean.wcnC",0.0196639189749678,0.0196639189749678,0.775220779562206
"r.seqent.bfSC","r.wcnC.hbe_mean",0.0196639189749678,0.0196639189749678,0.775220779562206
"r.seqent.bfSC","median.rsa",0.0192828716436905,-0.0192828716436905,0.779635372829423
"r.seqent.bfSC","r.asa.ddgent",0.0192429484329713,0.0192429484329713,0.779908409581747
"r.seqent.bfSC","r.ddgent.asa",0.0192429484329713,0.0192429484329713,0.779908409581747
"r.seqent.bfSC","r.ddgent.hpsww",0.0188890351454522,0.0188890351454522,0.783855512939852
"r.seqent.bfSC","r.hpsww.ddgent",0.0188890351454522,0.0188890351454522,0.783855512939852
"r.seqent.bfSC","r.bfN.hpsww",0.0182470240238823,-0.0182470240238823,0.79102976827761
"r.seqent.bfSC","r.hpsww.bfN",0.0182470240238823,-0.0182470240238823,0.79102976827761
"r.seqent.bfSC","r.hbe_mean.hpskd",0.0179899712150526,-0.0179899712150526,0.793907226812448
"r.seqent.bfSC","r.hpskd.hbe_mean",0.0179899712150526,-0.0179899712150526,0.793907226812448
"r.seqent.bfSC","r.ddgent.wcnCB",0.0179539589857963,-0.0179539589857963,0.794310572900137
"r.seqent.bfSC","r.wcnCB.ddgent",0.0179539589857963,-0.0179539589857963,0.794310572900137
"r.seqent.bfSC","mean.sizeAA",0.0178049649749728,-0.0178049649749728,0.796139666488561
"r.seqent.bfSC","mean.sizeSC",0.0178049649749728,-0.0178049649749728,0.796139666488561
"r.seqent.bfSC","median.asa",0.0169243576372658,-0.0169243576372658,0.806017451609923
"r.seqent.bfSC","r.hpshh.wcnC",0.0167841824354698,-0.0167841824354698,0.807441531486371
"r.seqent.bfSC","r.wcnC.hpshh",0.0167841824354698,-0.0167841824354698,0.807441531486371
"r.seqent.bfSC","r.bfN.hpshh",0.0166674531406389,0.0166674531406389,0.808754871517576
"r.seqent.bfSC","r.hpshh.bfN",0.0166674531406389,0.0166674531406389,0.808754871517576
"r.seqent.bfSC","r.asa.hpskd",0.0163570028884291,-0.0163570028884291,0.812250396483984
"r.seqent.bfSC","r.hpskd.asa",0.0163570028884291,-0.0163570028884291,0.812250396483984
"r.seqent.bfSC","r.hpshh.sizeAA",0.0154368283408793,0.0154368283408793,0.822632759944024
"r.seqent.bfSC","r.hpshh.sizeSC",0.0154368283408793,0.0154368283408793,0.822632759944024
"r.seqent.bfSC","r.sizeAA.hpshh",0.0154368283408793,0.0154368283408793,0.822632759944024
"r.seqent.bfSC","r.sizeSC.hpshh",0.0154368283408793,0.0154368283408793,0.822632759944024
"r.seqent.bfSC","r.bfCB.hpshh",0.0154107505196937,-0.0154107505196937,0.822927456674554
"r.seqent.bfSC","r.hpshh.bfCB",0.0154107505196937,-0.0154107505196937,0.822927456674554
"r.seqent.bfSC","r.hbe_mean.wcnAA",0.0153734964894285,0.0153734964894285,0.823348495088693
"r.seqent.bfSC","r.wcnAA.hbe_mean",0.0153734964894285,0.0153734964894285,0.823348495088693
"r.seqent.bfSC","r.asa.rsa",0.0150953330634486,0.0150953330634486,0.826493839511241
"r.seqent.bfSC","r.rsa.asa",0.0150953330634486,0.0150953330634486,0.826493839511241
"r.seqent.bfSC","r.bfCA.hpsww",0.0150667716402453,0.0150667716402453,0.826816956702095
"r.seqent.bfSC","r.hpsww.bfCA",0.0150667716402453,0.0150667716402453,0.826816956702095
"r.seqent.bfSC","r.bfC.hpskd",0.0145414898135063,0.0145414898135063,0.832764649668058
"r.seqent.bfSC","r.hpskd.bfC",0.0145414898135063,0.0145414898135063,0.832764649668058
"r.seqent.bfSC","r.sizeAA.wcnCA",0.0138858188808393,-0.0138858188808393,0.840202063449675
"r.seqent.bfSC","r.sizeSC.wcnCA",0.0138858188808393,-0.0138858188808393,0.840202063449675
"r.seqent.bfSC","r.wcnCA.sizeAA",0.0138858188808393,-0.0138858188808393,0.840202063449675
"r.seqent.bfSC","r.wcnCA.sizeSC",0.0138858188808393,-0.0138858188808393,0.840202063449675
"r.seqent.bfSC","sd.hpshh",0.0138162780243443,-0.0138162780243443,0.840991725180401
"r.seqent.bfSC","r.hbe_mean.wcnCA",0.0134151762984892,0.0134151762984892,0.845549463675855
"r.seqent.bfSC","r.wcnCA.hbe_mean",0.0134151762984892,0.0134151762984892,0.845549463675855
"r.seqent.bfSC","r.asa.hpshh",0.0131010006432529,-0.0131010006432529,0.849123059003986
"r.seqent.bfSC","r.hpshh.asa",0.0131010006432529,-0.0131010006432529,0.849123059003986
"r.seqent.bfSC","r.hpsww.wcnO",0.0130476031998728,-0.0130476031998728,0.849730737788647
"r.seqent.bfSC","r.wcnO.hpsww",0.0130476031998728,-0.0130476031998728,0.849730737788647
"r.seqent.bfSC","r.hpshh.wcnCB",0.0128427060334144,-0.0128427060334144,0.852063349580537
"r.seqent.bfSC","r.wcnCB.hpshh",0.0128427060334144,-0.0128427060334144,0.852063349580537
"r.seqent.bfSC","mean.hpshh",0.0126502308043123,0.0126502308043123,0.854370434574459
"r.seqent.bfSC","r.sizeAA.wcnN",0.0126328416629206,-0.0126328416629206,0.854453844351584
"r.seqent.bfSC","r.sizeSC.wcnN",0.0126328416629206,-0.0126328416629206,0.854453844351584
"r.seqent.bfSC","r.wcnN.sizeAA",0.0126328416629206,-0.0126328416629206,0.854453844351584
"r.seqent.bfSC","r.wcnN.sizeSC",0.0126328416629206,-0.0126328416629206,0.854453844351584
"r.seqent.bfSC","sd.hpsww",0.0123944158692235,-0.0123944158692235,0.857171284932461
"r.seqent.bfSC","r.hbe_mean.rsa",0.0123099734006224,-0.0123099734006224,0.858134117445971
"r.seqent.bfSC","r.rsa.hbe_mean",0.0123099734006224,-0.0123099734006224,0.858134117445971
"r.seqent.bfSC","mean.hbe_mean",0.0119722035262181,-0.0119722035262181,0.861987532947203
"r.seqent.bfSC","r.bfN.sizeAA",0.0115040445458858,0.0115040445458858,0.867333867643483
"r.seqent.bfSC","r.bfN.sizeSC",0.0115040445458858,0.0115040445458858,0.867333867643483
"r.seqent.bfSC","r.sizeAA.bfN",0.0115040445458858,0.0115040445458858,0.867333867643483
"r.seqent.bfSC","r.sizeSC.bfN",0.0115040445458858,0.0115040445458858,0.867333867643483
"r.seqent.bfSC","r.bfO.hpsww",0.0110880412079247,-0.0110880412079247,0.8720896671465
"r.seqent.bfSC","r.hpsww.bfO",0.0110880412079247,-0.0110880412079247,0.8720896671465
"r.seqent.bfSC","r.bfCB.sizeAA",0.0110433363716065,-0.0110433363716065,0.872601015028113
"r.seqent.bfSC","r.bfCB.sizeSC",0.0110433363716065,-0.0110433363716065,0.872601015028113
"r.seqent.bfSC","r.sizeAA.bfCB",0.0110433363716065,-0.0110433363716065,0.872601015028113
"r.seqent.bfSC","r.sizeSC.bfCB",0.0110433363716065,-0.0110433363716065,0.872601015028113
"r.seqent.bfSC","r.hbe_mean.hpsww",0.0099940145191374,0.0099940145191374,0.884618243409446
"r.seqent.bfSC","r.hpsww.hbe_mean",0.0099940145191374,0.0099940145191374,0.884618243409446
"r.seqent.bfSC","r.sizeAA.wcnO",0.00965003563968895,-0.00965003563968895,0.888563510108576
"r.seqent.bfSC","r.sizeSC.wcnO",0.00965003563968895,-0.00965003563968895,0.888563510108576
"r.seqent.bfSC","r.wcnO.sizeAA",0.00965003563968895,-0.00965003563968895,0.888563510108576
"r.seqent.bfSC","r.wcnO.sizeSC",0.00965003563968895,-0.00965003563968895,0.888563510108576
"r.seqent.bfSC","median.hbe_mean",0.00956284076697667,0.00956284076697667,0.889650097191927
"r.seqent.bfSC","median.hpsww",0.0090354429887886,0.0090354429887886,0.895700430481057
"r.seqent.bfSC","r.bfN.hbe_mean",0.00871495948003308,0.00871495948003308,0.899301976488001
"r.seqent.bfSC","r.hbe_mean.bfN",0.00871495948003308,0.00871495948003308,0.899301976488001
"r.seqent.bfSC","r.bfC.hbe_mean",0.00749923629237956,0.00749923629237956,0.913290582998897
"r.seqent.bfSC","r.hbe_mean.bfC",0.00749923629237956,0.00749923629237956,0.913290582998897
"r.seqent.bfSC","mean.helix",0.00749675967247793,-0.00749675967247793,0.91338546993738
"r.seqent.bfSC","r.hbe_mean.wcnO",0.00641638581267183,0.00641638581267183,0.925772975741233
"r.seqent.bfSC","r.wcnO.hbe_mean",0.00641638581267183,0.00641638581267183,0.925772975741233
"r.seqent.bfSC","r.bfAA.bfSC",0.00632076713499122,0.00632076713499122,0.926876124398727
"r.seqent.bfSC","r.bfSC.bfAA",0.00632076713499122,0.00632076713499122,0.926876124398727
"r.seqent.bfSC","r.wcnCB.wcnSC",0.00627606229867301,0.00627606229867301,0.927391930309978
"r.seqent.bfSC","r.wcnSC.wcnCB",0.00627606229867301,0.00627606229867301,0.927391930309978
"r.seqent.bfSC","sd.rsa",0.00486165094960523,0.00486165094960523,0.943725994688609
"r.seqent.bfSC","mean.hbdif",0.00469773613326611,-0.00469773613326611,0.945659755289118
"r.seqent.bfSC","r.bfCB.hpskd",0.00461204894682856,0.00461204894682856,0.946611117844256
"r.seqent.bfSC","r.hpskd.bfCB",0.00461204894682856,0.00461204894682856,0.946611117844256
"r.seqent.bfSC","r.bfCB.hbe_mean",0.00417493499171719,-0.00417493499171719,0.951665327226762
"r.seqent.bfSC","r.hbe_mean.bfCB",0.00417493499171719,-0.00417493499171719,0.951665327226762
"r.seqent.bfSC","r.hbe_mean.hpshh",0.00383840691832178,-0.00383840691832178,0.955557822657386
"r.seqent.bfSC","r.hpshh.hbe_mean",0.00383840691832178,-0.00383840691832178,0.955557822657386
"r.seqent.bfSC","r.hpskd.wcnN",0.00382847251025107,0.00382847251025107,0.955672746748724
"r.seqent.bfSC","r.wcnN.hpskd",0.00382847251025107,0.00382847251025107,0.955672746748724
"r.seqent.bfSC","r.hpshh.wcnSC",0.00334044471377729,0.00334044471377729,0.961319474364024
"r.seqent.bfSC","r.wcnSC.hpshh",0.00334044471377729,0.00334044471377729,0.961319474364024
"r.seqent.bfSC","r.bfCA.sizeAA",0.0028933963505952,-0.0028933963505952,0.966493750436804
"r.seqent.bfSC","r.bfCA.sizeSC",0.0028933963505952,-0.0028933963505952,0.966493750436804
"r.seqent.bfSC","r.sizeAA.bfCA",0.0028933963505952,-0.0028933963505952,0.966493750436804
"r.seqent.bfSC","r.sizeSC.bfCA",0.0028933963505952,-0.0028933963505952,0.966493750436804
"r.seqent.bfSC","r.hpshh.hpskd",0.0021036109089735,-0.0021036109089735,0.975638266366973
"r.seqent.bfSC","r.hpskd.hpshh",0.0021036109089735,-0.0021036109089735,0.975638266366973
"r.seqent.bfSC","mean.ESS",0.00176214626709922,-0.00176214626709922,0.979603215579639
"r.seqent.bfSC","mean.betas",0.00143862870185509,0.00143862870185509,0.983347320023297
"r.seqent.bfSC","r.bfCA.hbe_mean",0.00125049361590101,0.00125049361590101,0.985519612394161
"r.seqent.bfSC","r.hbe_mean.bfCA",0.00125049361590101,0.00125049361590101,0.985519612394161
"r.seqent.bfSC","sd.asa",0.00117474375436183,-0.00117474375436183,0.986397124340548
"r.seqent.bfSC","r.hpshh.wcnCA",0.00109030128576076,0.00109030128576076,0.987375353625176
"r.seqent.bfSC","r.wcnCA.hpshh",0.00109030128576076,0.00109030128576076,0.987375353625176
"r.seqent.bfSC","sd.hpskd",0.000877953313249272,0.000877953313249272,0.989835392724487
"r.seqent.bfSC","r.ddgent.wcnCA",0.000690441360914562,-0.000690441360914562,0.992007788621016
"r.seqent.bfSC","r.wcnCA.ddgent",0.000690441360914562,-0.000690441360914562,0.992007788621016
"r.seqent.bfSC","r.hpshh.rsa",0.000644494723587513,-0.000644494723587513,0.99254010715374
"r.seqent.bfSC","r.rsa.hpshh",0.000644494723587513,-0.000644494723587513,0.99254010715374
"r.seqent.bfSC","nchain",0.000337931839404581,-0.000337931839404581,0.996088042672085
"r.seqent.bfSC","r.hpshh.wcnAA",0.000253327405803184,-0.000253327405803184,0.997072118024393
"r.seqent.bfSC","r.wcnAA.hpshh",0.000253327405803184,-0.000253327405803184,0.997072118024393
"r.seqent.bfSC","r.sizeAA.sizeSC",NA,NA,NA
"r.seqent.bfSC","r.sizeSC.sizeAA",NA,NA,NA
"r.seqent.bfSC","sum.nssb",NA,NA,NA
"r.seqent.bfSC","mean.nssb",NA,NA,NA
